11001110
11010011
11011111
01010000
11010001
10001110
11000101
01011111
00010101
00010011
11011010
01110100
00101010
11100010
11100010
11100010
10000111
01101000
00000110
00100100
00011100
01000111
01010100
11011000
01111101
10111110
00010000
00100110
00010110
00001001
01101001
11001100
10111000
10101011
11010011
01111110
01000111
00100101
11011111
00100001
10010110
00100000
01101001
10101111
10010011
10001011
00000100
10010111
01011101
00000001
01110001
10111100
11000000
10111110
10110001
10110101
00001010
00100010
10101000
11101111
10100100
11010110
11110001
10111111
10000000
11111001
01110011
10010010
01010110
00000101
01011001
10101101
11110001
11010001
00000111
11111011
11010011
11101011
11111110
01010110
10000000
00101101
00011001
10010000
11011101
11111000
01000010
11100001
01011110
00110000
10001101
01110100
01000001
00000100
00011100
11101001
00111111
01100101
10010111
00011101
00101111
01110001
11000100
10100100
01000010
11011010
10010100
01001001
10000011
10100000
00000111
00011100
11000010
10100011
01011100
00011000
00011100
11110100
01001111
01110110
10100000
11101110
01001111
00101111
11001101
01100000
10111010
