   0
   2
   3
 -11
 -20
  10
  39
  18
 -28
 -43
 -13
  27
  44
  25
 -12
 -39
 -42
 -23
   6
  31
  43
  41
  28
  10
  -8
 -23
 -33
 -40
 -43
 -44
 -44
 -42
 -37
 -31
 -22
 -14
  -7
  -1
   0
  -1
  -7
 -14
 -22
 -31
 -37
 -42
 -44
 -44
 -43
 -40
 -33
 -23
  -8
  10
  28
  41
  43
  31
   6
 -23
 -42
 -39
 -12
  25
  44
  27
 -13
 -43
 -28
  18
  39
  10
 -20
 -11
   3
   2
   0
   1
  -6
 -10
  13
  31
   2
 -39
 -33
  10
  42
  34
  -3
 -36
 -43
 -20
  13
  38
  43
  31
   8
 -16
 -33
 -43
 -43
 -38
 -28
 -17
  -8
   1
   7
  11
  12
  10
   7
   3
   0
   0
   0
   0
   0
   3
   7
  10
  12
  11
   7
   1
  -8
 -17
 -28
 -38
 -43
 -43
 -33
 -16
   8
  31
  43
  38
  13
 -20
 -43
 -36
  -3
  34
  42
  10
 -33
 -39
   2
  31
  13
 -10
  -6
   1
   0
   0
   0
   0
   0
   0
   0
   0
   0
   0
   0
   2
   3
 -11
 -20
  10
  39
  18
 -28
 -43
 -13
  27
  44
  25
 -12
 -39
 -42
 -23
   6
  31
  43
  41
  28
  10
  -8
 -23
 -33
 -40
 -43
 -44
 -44
 -42
 -37
 -31
 -22
 -14
  -7
  -1
   0
  -1
  -7
 -14
 -22
 -31
 -37
 -42
 -44
 -44
 -43
 -40
 -33
 -23
  -8
  10
  28
  41
  43
  31
   6
 -23
 -42
 -39
 -12
  25
  44
  27
 -13
 -43
 -28
  18
  39
  10
 -20
 -11
   3
   2
   0
   1
  -6
 -10
  13
  31
   2
 -39
 -33
  10
  42
  34
  -3
 -36
 -43
 -20
  13
  38
  43
  31
   8
 -16
 -33
 -43
 -43
 -38
 -28
 -17
  -8
   1
   7
  11
  12
  10
   7
   3
   0
   0
   0
   0
   0
   3
   7
  10
  12
  11
   7
   1
  -8
 -17
 -28
 -38
 -43
 -43
 -33
 -16
   8
  31
  43
  38
  13
 -20
 -43
 -36
  -3
  34
  42
  10
 -33
 -39
   2
  31
  13
 -10
  -6
   1
   0
   0
   0
   0
   0
   0
   0
   0
   0
   0
   0
   0
   0
   0
   0
   0
   0
   0
   0
   0
   0
   0
   0
   0
   0
   0
   0
   0
   0
   0
   0
   0
   0
   0
   0
   0
   0
   0
   0
   0
   0
   0
   0
   0
   0
   0
   0
   0
   0
   0
   0
   0
   0
   0
   0
   0
   0
   0
   0
   0
   0
   0
   0
   0
   0
   0
   0
   0
   0
   0
   0
   2
   3
 -11
 -20
  10
  39
  18
 -28
 -43
 -13
  27
  44
  25
 -12
 -39
 -42
 -23
   6
  31
  43
  41
  28
  10
  -8
 -23
 -33
 -40
 -43
 -44
 -44
 -42
 -37
 -31
 -22
 -14
  -7
  -1
   0
  -1
  -7
 -14
 -22
 -31
 -37
 -42
 -44
 -44
 -43
 -40
 -33
 -23
  -8
  10
  28
  41
  43
  31
   6
 -23
 -42
 -39
 -12
  25
  44
  27
 -13
 -43
 -28
  18
  39
  10
 -20
 -11
   3
   2
   0
   1
  -6
 -10
  13
  31
   2
 -39
 -33
  10
  42
  34
  -3
 -36
 -43
 -20
  13
  38
  43
  31
   8
 -16
 -33
 -43
 -43
 -38
 -28
 -17
  -8
   1
   7
  11
  12
  10
   7
   3
   0
   0
   0
   0
   0
   3
   7
  10
  12
  11
   7
   1
  -8
 -17
 -28
 -38
 -43
 -43
 -33
 -16
   8
  31
  43
  38
  13
 -20
 -43
 -36
  -3
  34
  42
  10
 -33
 -39
   2
  31
  13
 -10
  -6
   1
   0
   0
   0
   0
   0
   0
   0
   0
   0
   0
   0
   2
   3
 -11
 -20
  10
  39
  18
 -28
 -43
 -13
  27
  44
  25
 -12
 -39
 -42
 -23
   6
  31
  43
  41
  28
  10
  -8
 -23
 -33
 -40
 -43
 -44
 -44
 -42
 -37
 -31
 -22
 -14
  -7
  -1
   0
  -1
  -7
 -14
 -22
 -31
 -37
 -42
 -44
 -44
 -43
 -40
 -33
 -23
  -8
  10
  28
  41
  43
  31
   6
 -23
 -42
 -39
 -12
  25
  44
  27
 -13
 -43
 -28
  18
  39
  10
 -20
 -11
   3
   2
   0
   1
  -6
 -10
  13
  31
   2
 -39
 -33
  10
  42
  34
  -3
 -36
 -43
 -20
  13
  38
  43
  31
   8
 -16
 -33
 -43
 -43
 -38
 -28
 -17
  -8
   1
   7
  11
  12
  10
   7
   3
   0
   0
   0
   0
   0
   3
   7
  10
  12
  11
   7
   1
  -8
 -17
 -28
 -38
 -43
 -43
 -33
 -16
   8
  31
  43
  38
  13
 -20
 -43
 -36
  -3
  34
  42
  10
 -33
 -39
   2
  31
  13
 -10
  -6
   1
   0
   0
   0
   0
   0
   0
   0
   0
   0
   0
   0
   0
   0
   0
   0
   0
   0
   0
   0
   0
   0
   0
   0
   0
   0
   0
   0
   0
   0
   0
   0
   0
   0
   0
   0
   0
   0
   0
   0
   0
   0
   0
   0
   0
   0
   0
   0
   0
   0
   0
   0
   0
   0
   0
   0
   0
   0
   0
   0
   0
   0
   0
   0
   0
   0
   0
   0
   0
   0
   0
   0
   2
   3
 -11
 -20
  10
  39
  18
 -28
 -43
 -13
  27
  44
  25
 -12
 -39
 -42
 -23
   6
  31
  43
  41
  28
  10
  -8
 -23
 -33
 -40
 -43
 -44
 -44
 -42
 -37
 -31
 -22
 -14
  -7
  -1
   0
  -1
  -7
 -14
 -22
 -31
 -37
 -42
 -44
 -44
 -43
 -40
 -33
 -23
  -8
  10
  28
  41
  43
  31
   6
 -23
 -42
 -39
 -12
  25
  44
  27
 -13
 -43
 -28
  18
  39
  10
 -20
 -11
   3
   2
   0
   1
  -6
 -10
  13
  31
   2
 -39
 -33
  10
  42
  34
  -3
 -36
 -43
 -20
  13
  38
  43
  31
   8
 -16
 -33
 -43
 -43
 -38
 -28
 -17
  -8
   1
   7
  11
  12
  10
   7
   3
   0
   0
   0
   0
   0
   3
   7
  10
  12
  11
   7
   1
  -8
 -17
 -28
 -38
 -43
 -43
 -33
 -16
   8
  31
  43
  38
  13
 -20
 -43
 -36
  -3
  34
  42
  10
 -33
 -39
   2
  31
  13
 -10
  -6
   1
   0
   0
   0
   0
   0
   0
   0
   0
   0
   0
   0
   2
   3
 -11
 -20
  10
  39
  18
 -28
 -43
 -13
  27
  44
  25
 -12
 -39
 -42
 -23
   6
  31
  43
  41
  28
  10
  -8
 -23
 -33
 -40
 -43
 -44
 -44
 -42
 -37
 -31
 -22
 -14
  -7
  -1
   0
  -1
  -7
 -14
 -22
 -31
 -37
 -42
 -44
 -44
 -43
 -40
 -33
 -23
  -8
  10
  28
  41
  43
  31
   6
 -23
 -42
 -39
 -12
  25
  44
  27
 -13
 -43
 -28
  18
  39
  10
 -20
 -11
   3
   2
   0
   1
  -6
 -10
  13
  31
   2
 -39
 -33
  10
  42
  34
  -3
 -36
 -43
 -20
  13
  38
  43
  31
   8
 -16
 -33
 -43
 -43
 -38
 -28
 -17
  -8
   1
   7
  11
  12
  10
   7
   3
   0
   0
   0
   0
   0
   3
   7
  10
  12
  11
   7
   1
  -8
 -17
 -28
 -38
 -43
 -43
 -33
 -16
   8
  31
  43
  38
  13
 -20
 -43
 -36
  -3
  34
  42
  10
 -33
 -39
   2
  31
  13
 -10
  -6
   1
   0
   0
   0
   0
   0
   0
   0
   0
   0
   0
   0
   0
   0
   0
   0
   0
   0
   0
   0
   0
   0
   0
   0
   0
   0
   0
   0
   0
   0
   0
   0
   0
   0
   0
   0
   0
   0
   0
   0
   0
   0
   0
   0
   0
   0
   0
   0
   0
   0
   0
   0
   0
   0
   0
   0
   0
   0
   0
   0
   0
   0
   0
   0
   0
   0
   0
   0
   0
   0
   0
   0
   2
   3
 -11
 -20
  10
  39
  18
 -28
 -43
 -13
  27
  44
  25
 -12
 -39
 -42
 -23
   6
  31
  43
  41
  28
  10
  -8
 -23
 -33
 -40
 -43
 -44
 -44
 -42
 -37
 -31
 -22
 -14
  -7
  -1
   0
  -1
  -7
 -14
 -22
 -31
 -37
 -42
 -44
 -44
 -43
 -40
 -33
 -23
  -8
  10
  28
  41
  43
  31
   6
 -23
 -42
 -39
 -12
  25
  44
  27
 -13
 -43
 -28
  18
  39
  10
 -20
 -11
   3
   2
   0
   1
  -6
 -10
  13
  31
   2
 -39
 -33
  10
  42
  34
  -3
 -36
 -43
 -20
  13
  38
  43
  31
   8
 -16
 -33
 -43
 -43
 -38
 -28
 -17
  -8
   1
   7
  11
  12
  10
   7
   3
   0
   0
   0
   0
   0
   3
   7
  10
  12
  11
   7
   1
  -8
 -17
 -28
 -38
 -43
 -43
 -33
 -16
   8
  31
  43
  38
  13
 -20
 -43
 -36
  -3
  34
  42
  10
 -33
 -39
   2
  31
  13
 -10
  -6
   1
   0
   0
   0
   0
   0
   0
   0
   0
   0
   0
   0
   2
   3
 -11
 -20
  10
  39
  18
 -28
 -43
 -13
  27
  44
  25
 -12
 -39
 -42
 -23
   6
  31
  43
  41
  28
  10
  -8
 -23
 -33
 -40
 -43
 -44
 -44
 -42
 -37
 -31
 -22
 -14
  -7
  -1
   0
  -1
  -7
 -14
 -22
 -31
 -37
 -42
 -44
 -44
 -43
 -40
 -33
 -23
  -8
  10
  28
  41
  43
  31
   6
 -23
 -42
 -39
 -12
  25
  44
  27
 -13
 -43
 -28
  18
  39
  10
 -20
 -11
   3
   2
   0
   1
  -6
 -10
  13
  31
   2
 -39
 -33
  10
  42
  34
  -3
 -36
 -43
 -20
  13
  38
  43
  31
   8
 -16
 -33
 -43
 -43
 -38
 -28
 -17
  -8
   1
   7
  11
  12
  10
   7
   3
   0
   0
   0
   0
   0
   3
   7
  10
  12
  11
   7
   1
  -8
 -17
 -28
 -38
 -43
 -43
 -33
 -16
   8
  31
  43
  38
  13
 -20
 -43
 -36
  -3
  34
  42
  10
 -33
 -39
   2
  31
  13
 -10
  -6
   1
   0
   0
   0
   0
   0
   0
   0
   0
   0
   0
   0
   0
   0
   0
   0
   0
   0
   0
   0
   0
   0
   0
   0
   0
   0
   0
   0
   0
   0
   0
   0
   0
   0
   0
   0
   0
   0
   0
   0
   0
   0
   0
   0
   0
   0
   0
   0
   0
   0
   0
   0
   0
   0
   0
   0
   0
   0
   0
   0
   0
   0
   0
   0
   0
   0
   0
   0
   0
   0
   0
   0
  -2
  -3
  11
  20
 -10
 -39
 -18
  28
  43
  13
 -27
 -44
 -25
  12
  39
  42
  23
  -6
 -31
 -43
 -41
 -28
 -10
   8
  23
  33
  40
  43
  44
  44
  42
  37
  31
  22
  14
   7
   1
   0
  -1
  -7
 -14
 -22
 -31
 -37
 -42
 -44
 -44
 -43
 -40
 -33
 -23
  -8
  10
  28
  41
  43
  31
   6
 -23
 -42
 -39
 -12
  25
  44
  27
 -13
 -43
 -28
  18
  39
  10
 -20
 -11
   3
   2
   0
   1
  -6
 -10
  13
  31
   2
 -39
 -33
  10
  42
  34
  -3
 -36
 -43
 -20
  13
  38
  43
  31
   8
 -16
 -33
 -43
 -43
 -38
 -28
 -17
  -8
   1
   7
  11
  12
  10
   7
   3
   0
   0
   0
   0
   0
   3
   7
  10
  12
  11
   7
   1
  -8
 -17
 -28
 -38
 -43
 -43
 -33
 -16
   8
  31
  43
  38
  13
 -20
 -43
 -36
  -3
  34
  42
  10
 -33
 -39
   2
  31
  13
 -10
  -6
   1
   0
   0
   0
   0
   0
   0
   0
   0
   0
   0
   0
   2
   3
 -11
 -20
  10
  39
  18
 -28
 -43
 -13
  27
  44
  25
 -12
 -39
 -42
 -23
   6
  31
  43
  41
  28
  10
  -8
 -23
 -33
 -40
 -43
 -44
 -44
 -42
 -37
 -31
 -22
 -14
  -7
  -1
   0
  -1
  -7
 -14
 -22
 -31
 -37
 -42
 -44
 -44
 -43
 -40
 -33
 -23
  -8
  10
  28
  41
  43
  31
   6
 -23
 -42
 -39
 -12
  25
  44
  27
 -13
 -43
 -28
  18
  39
  10
 -20
 -11
   3
   2
   0
  -1
   6
  10
 -13
 -31
  -2
  39
  33
 -10
 -42
 -34
   3
  36
  43
  20
 -13
 -38
 -43
 -31
  -8
  16
  33
  43
  43
  38
  28
  17
   8
  -1
  -7
 -11
 -12
 -10
  -7
  -3
   0
   0
   0
   0
   0
  -3
  -7
 -10
 -12
 -11
  -7
  -1
   8
  17
  28
  38
  43
  43
  33
  16
  -8
 -31
 -43
 -38
 -13
  20
  43
  36
   3
 -34
 -42
 -10
  33
  39
  -2
 -31
 -13
  10
   6
  -1
   0
   0
   0
   0
   0
   0
   0
   0
   0
   0
   0
   0
   0
   0
   0
   0
   0
   0
   0
   0
   0
   0
   0
   0
   0
   0
   0
   0
   0
   0
   0
   0
   0
   0
   0
   0
   0
   0
   0
   0
   0
   0
   0
   0
   0
   0
   0
   0
   0
   0
   0
   0
   0
   0
   0
   0
   0
   0
   0
   0
   0
   0
   0
   0
   0
   0
   0
   0
   0
   0
   0
   2
   3
 -11
 -20
  10
  39
  18
 -28
 -43
 -13
  27
  44
  25
 -12
 -39
 -42
 -23
   6
  31
  43
  41
  28
  10
  -8
 -23
 -33
 -40
 -43
 -44
 -44
 -42
 -37
 -31
 -22
 -14
  -7
  -1
   0
   1
   7
  14
  22
  31
  37
  42
  44
  44
  43
  40
  33
  23
   8
 -10
 -28
 -41
 -43
 -31
  -6
  23
  42
  39
  12
 -25
 -44
 -27
  13
  43
  28
 -18
 -39
 -10
  20
  11
  -3
  -2
   0
   1
  -6
 -10
  13
  31
   2
 -39
 -33
  10
  42
  34
  -3
 -36
 -43
 -20
  13
  38
  43
  31
   8
 -16
 -33
 -43
 -43
 -38
 -28
 -17
  -8
   1
   7
  11
  12
  10
   7
   3
   0
   0
   0
   0
   0
  -3
  -7
 -10
 -12
 -11
  -7
  -1
   8
  17
  28
  38
  43
  43
  33
  16
  -8
 -31
 -43
 -38
 -13
  20
  43
  36
   3
 -34
 -42
 -10
  33
  39
  -2
 -31
 -13
  10
   6
  -1
   0
   0
   0
   0
   0
   0
   0
   0
   0
   0
   0
   2
   3
 -11
 -20
  10
  39
  18
 -28
 -43
 -13
  27
  44
  25
 -12
 -39
 -42
 -23
   6
  31
  43
  41
  28
  10
  -8
 -23
 -33
 -40
 -43
 -44
 -44
 -42
 -37
 -31
 -22
 -14
  -7
  -1
   0
   1
   7
  14
  22
  31
  37
  42
  44
  44
  43
  40
  33
  23
   8
 -10
 -28
 -41
 -43
 -31
  -6
  23
  42
  39
  12
 -25
 -44
 -27
  13
  43
  28
 -18
 -39
 -10
  20
  11
  -3
  -2
   0
  -1
   6
  10
 -13
 -31
  -2
  39
  33
 -10
 -42
 -34
   3
  36
  43
  20
 -13
 -38
 -43
 -31
  -8
  16
  33
  43
  43
  38
  28
  17
   8
  -1
  -7
 -11
 -12
 -10
  -7
  -3
   0
   0
   0
   0
   0
   3
   7
  10
  12
  11
   7
   1
  -8
 -17
 -28
 -38
 -43
 -43
 -33
 -16
   8
  31
  43
  38
  13
 -20
 -43
 -36
  -3
  34
  42
  10
 -33
 -39
   2
  31
  13
 -10
  -6
   1
   0
   0
   0
   0
   0
   0
   0
   0
   0
   0
   0
   0
   0
   0
   0
   0
   0
   0
   0
   0
   0
   0
   0
   0
   0
   0
   0
   0
   0
   0
   0
   0
   0
   0
   0
   0
   0
   0
   0
   0
   0
   0
   0
   0
   0
   0
   0
   0
   0
   0
   0
   0
   0
   0
   0
   0
   0
   0
   0
   0
   0
   0
   0
   0
   0
   0
   0
   0
   0
   0
   0
   2
   3
 -11
 -20
  10
  39
  18
 -28
 -43
 -13
  27
  44
  25
 -12
 -39
 -42
 -23
   6
  31
  43
  41
  28
  10
  -8
 -23
 -33
 -40
 -43
 -44
 -44
 -42
 -37
 -31
 -22
 -14
  -7
  -1
   0
   1
   7
  14
  22
  31
  37
  42
  44
  44
  43
  40
  33
  23
   8
 -10
 -28
 -41
 -43
 -31
  -6
  23
  42
  39
  12
 -25
 -44
 -27
  13
  43
  28
 -18
 -39
 -10
  20
  11
  -3
  -2
   0
  -1
   6
  10
 -13
 -31
  -2
  39
  33
 -10
 -42
 -34
   3
  36
  43
  20
 -13
 -38
 -43
 -31
  -8
  16
  33
  43
  43
  38
  28
  17
   8
  -1
  -7
 -11
 -12
 -10
  -7
  -3
   0
   0
   0
   0
   0
   3
   7
  10
  12
  11
   7
   1
  -8
 -17
 -28
 -38
 -43
 -43
 -33
 -16
   8
  31
  43
  38
  13
 -20
 -43
 -36
  -3
  34
  42
  10
 -33
 -39
   2
  31
  13
 -10
  -6
   1
   0
   0
   0
   0
   0
   0
   0
   0
   0
   0
   0
   2
   3
 -11
 -20
  10
  39
  18
 -28
 -43
 -13
  27
  44
  25
 -12
 -39
 -42
 -23
   6
  31
  43
  41
  28
  10
  -8
 -23
 -33
 -40
 -43
 -44
 -44
 -42
 -37
 -31
 -22
 -14
  -7
  -1
   0
   1
   7
  14
  22
  31
  37
  42
  44
  44
  43
  40
  33
  23
   8
 -10
 -28
 -41
 -43
 -31
  -6
  23
  42
  39
  12
 -25
 -44
 -27
  13
  43
  28
 -18
 -39
 -10
  20
  11
  -3
  -2
   0
  -1
   6
  10
 -13
 -31
  -2
  39
  33
 -10
 -42
 -34
   3
  36
  43
  20
 -13
 -38
 -43
 -31
  -8
  16
  33
  43
  43
  38
  28
  17
   8
  -1
  -7
 -11
 -12
 -10
  -7
  -3
   0
   0
   0
   0
   0
   3
   7
  10
  12
  11
   7
   1
  -8
 -17
 -28
 -38
 -43
 -43
 -33
 -16
   8
  31
  43
  38
  13
 -20
 -43
 -36
  -3
  34
  42
  10
 -33
 -39
   2
  31
  13
 -10
  -6
   1
   0
   0
   0
   0
   0
   0
   0
   0
   0
   0
   0
   0
   0
   0
   0
   0
   0
   0
   0
   0
   0
   0
   0
   0
   0
   0
   0
   0
   0
   0
   0
   0
   0
   0
   0
   0
   0
   0
   0
   0
   0
   0
   0
   0
   0
   0
   0
   0
   0
   0
   0
   0
   0
   0
   0
   0
   0
   0
   0
   0
   0
   0
   0
   0
   0
   0
   0
   0
   0
   0
   0
   2
   3
 -11
 -20
  10
  39
  18
 -28
 -43
 -13
  27
  44
  25
 -12
 -39
 -42
 -23
   6
  31
  43
  41
  28
  10
  -8
 -23
 -33
 -40
 -43
 -44
 -44
 -42
 -37
 -31
 -22
 -14
  -7
  -1
   0
   1
   7
  14
  22
  31
  37
  42
  44
  44
  43
  40
  33
  23
   8
 -10
 -28
 -41
 -43
 -31
  -6
  23
  42
  39
  12
 -25
 -44
 -27
  13
  43
  28
 -18
 -39
 -10
  20
  11
  -3
  -2
   0
  -1
   6
  10
 -13
 -31
  -2
  39
  33
 -10
 -42
 -34
   3
  36
  43
  20
 -13
 -38
 -43
 -31
  -8
  16
  33
  43
  43
  38
  28
  17
   8
  -1
  -7
 -11
 -12
 -10
  -7
  -3
   0
   0
   0
   0
   0
   3
   7
  10
  12
  11
   7
   1
  -8
 -17
 -28
 -38
 -43
 -43
 -33
 -16
   8
  31
  43
  38
  13
 -20
 -43
 -36
  -3
  34
  42
  10
 -33
 -39
   2
  31
  13
 -10
  -6
   1
   0
   0
   0
   0
   0
   0
   0
   0
   0
   0
