   0
   0
  -7
 -11
  12
  30
   1
 -40
 -34
   9
  41
  33
  -4
 -37
 -44
 -21
  12
  37
  42
  31
   7
 -17
 -34
 -44
 -44
 -39
 -29
 -18
  -9
   0
   6
  10
  11
   9
   6
   2
  -1
  -1
   0
  -1
  -1
   2
   6
   9
  11
  10
   6
   0
  -9
 -18
 -29
 -39
 -44
 -44
 -34
 -17
   7
  31
  42
  37
  12
 -21
 -44
 -37
  -4
  33
  41
   9
 -34
 -40
   1
  30
  12
 -11
  -7
   0
   0
   1
   2
 -12
 -21
   9
  38
  17
 -29
 -44
 -14
  26
  43
  24
 -13
 -40
 -43
 -24
   5
  31
  42
  40
  27
   9
  -9
 -24
 -34
 -41
 -44
 -45
 -45
 -43
 -38
 -32
 -23
 -15
  -8
  -2
   0
  -2
  -8
 -15
 -23
 -32
 -38
 -43
 -45
 -45
 -44
 -41
 -34
 -24
  -9
   9
  27
  40
  42
  31
   5
 -24
 -43
 -40
 -13
  24
  43
  26
 -14
 -44
 -29
  17
  38
   9
 -21
 -12
   2
   1
   0
   0
   0
   0
   0
   0
   0
   0
   0
   0
   0
   0
  -7
 -11
  12
  30
   1
 -40
 -34
   9
  41
  33
  -4
 -37
 -44
 -21
  12
  37
  42
  31
   7
 -17
 -34
 -44
 -44
 -39
 -29
 -18
  -9
   0
   6
  10
  11
   9
   6
   2
  -1
  -1
   0
  -1
  -1
   2
   6
   9
  11
  10
   6
   0
  -9
 -18
 -29
 -39
 -44
 -44
 -34
 -17
   7
  31
  42
  37
  12
 -21
 -44
 -37
  -4
  33
  41
   9
 -34
 -40
   1
  30
  12
 -11
  -7
   0
   0
   1
   2
 -12
 -21
   9
  38
  17
 -29
 -44
 -14
  26
  43
  24
 -13
 -40
 -43
 -24
   5
  31
  42
  40
  27
   9
  -9
 -24
 -34
 -41
 -44
 -45
 -45
 -43
 -38
 -32
 -23
 -15
  -8
  -2
   0
  -2
  -8
 -15
 -23
 -32
 -38
 -43
 -45
 -45
 -44
 -41
 -34
 -24
  -9
   9
  27
  40
  42
  31
   5
 -24
 -43
 -40
 -13
  24
  43
  26
 -14
 -44
 -29
  17
  38
   9
 -21
 -12
   2
   1
   0
   0
   0
   0
   0
   0
   0
   0
   0
   0
   0
   0
   0
   0
   0
   0
   0
   0
   0
   0
   0
   0
   0
   0
   0
   0
   0
   0
   0
   0
   0
   0
   0
   0
   0
   0
   0
   0
   0
   0
   0
   0
   0
   0
   0
   0
   0
   0
   0
   0
   0
   0
   0
   0
   0
   0
   0
   0
   0
   0
   0
   0
   0
   0
   0
   0
   0
   0
   0
   0
   0
   0
  -7
 -11
  12
  30
   1
 -40
 -34
   9
  41
  33
  -4
 -37
 -44
 -21
  12
  37
  42
  31
   7
 -17
 -34
 -44
 -44
 -39
 -29
 -18
  -9
   0
   6
  10
  11
   9
   6
   2
  -1
  -1
   0
  -1
  -1
   2
   6
   9
  11
  10
   6
   0
  -9
 -18
 -29
 -39
 -44
 -44
 -34
 -17
   7
  31
  42
  37
  12
 -21
 -44
 -37
  -4
  33
  41
   9
 -34
 -40
   1
  30
  12
 -11
  -7
   0
   0
   1
   2
 -12
 -21
   9
  38
  17
 -29
 -44
 -14
  26
  43
  24
 -13
 -40
 -43
 -24
   5
  31
  42
  40
  27
   9
  -9
 -24
 -34
 -41
 -44
 -45
 -45
 -43
 -38
 -32
 -23
 -15
  -8
  -2
   0
  -2
  -8
 -15
 -23
 -32
 -38
 -43
 -45
 -45
 -44
 -41
 -34
 -24
  -9
   9
  27
  40
  42
  31
   5
 -24
 -43
 -40
 -13
  24
  43
  26
 -14
 -44
 -29
  17
  38
   9
 -21
 -12
   2
   1
   0
   0
   0
   0
   0
   0
   0
   0
   0
   0
   0
   0
  -7
 -11
  12
  30
   1
 -40
 -34
   9
  41
  33
  -4
 -37
 -44
 -21
  12
  37
  42
  31
   7
 -17
 -34
 -44
 -44
 -39
 -29
 -18
  -9
   0
   6
  10
  11
   9
   6
   2
  -1
  -1
   0
  -1
  -1
   2
   6
   9
  11
  10
   6
   0
  -9
 -18
 -29
 -39
 -44
 -44
 -34
 -17
   7
  31
  42
  37
  12
 -21
 -44
 -37
  -4
  33
  41
   9
 -34
 -40
   1
  30
  12
 -11
  -7
   0
   0
   1
   2
 -12
 -21
   9
  38
  17
 -29
 -44
 -14
  26
  43
  24
 -13
 -40
 -43
 -24
   5
  31
  42
  40
  27
   9
  -9
 -24
 -34
 -41
 -44
 -45
 -45
 -43
 -38
 -32
 -23
 -15
  -8
  -2
   0
  -2
  -8
 -15
 -23
 -32
 -38
 -43
 -45
 -45
 -44
 -41
 -34
 -24
  -9
   9
  27
  40
  42
  31
   5
 -24
 -43
 -40
 -13
  24
  43
  26
 -14
 -44
 -29
  17
  38
   9
 -21
 -12
   2
   1
   0
   0
   0
   0
   0
   0
   0
   0
   0
   0
   0
   0
   0
   0
   0
   0
   0
   0
   0
   0
   0
   0
   0
   0
   0
   0
   0
   0
   0
   0
   0
   0
   0
   0
   0
   0
   0
   0
   0
   0
   0
   0
   0
   0
   0
   0
   0
   0
   0
   0
   0
   0
   0
   0
   0
   0
   0
   0
   0
   0
   0
   0
   0
   0
   0
   0
   0
   0
   0
   0
   0
   0
  -7
 -11
  12
  30
   1
 -40
 -34
   9
  41
  33
  -4
 -37
 -44
 -21
  12
  37
  42
  31
   7
 -17
 -34
 -44
 -44
 -39
 -29
 -18
  -9
   0
   6
  10
  11
   9
   6
   2
  -1
  -1
   0
  -1
  -1
   2
   6
   9
  11
  10
   6
   0
  -9
 -18
 -29
 -39
 -44
 -44
 -34
 -17
   7
  31
  42
  37
  12
 -21
 -44
 -37
  -4
  33
  41
   9
 -34
 -40
   1
  30
  12
 -11
  -7
   0
   0
   1
   2
 -12
 -21
   9
  38
  17
 -29
 -44
 -14
  26
  43
  24
 -13
 -40
 -43
 -24
   5
  31
  42
  40
  27
   9
  -9
 -24
 -34
 -41
 -44
 -45
 -45
 -43
 -38
 -32
 -23
 -15
  -8
  -2
   0
  -2
  -8
 -15
 -23
 -32
 -38
 -43
 -45
 -45
 -44
 -41
 -34
 -24
  -9
   9
  27
  40
  42
  31
   5
 -24
 -43
 -40
 -13
  24
  43
  26
 -14
 -44
 -29
  17
  38
   9
 -21
 -12
   2
   1
   0
   0
   0
   0
   0
   0
   0
   0
   0
   0
   0
   0
  -7
 -11
  12
  30
   1
 -40
 -34
   9
  41
  33
  -4
 -37
 -44
 -21
  12
  37
  42
  31
   7
 -17
 -34
 -44
 -44
 -39
 -29
 -18
  -9
   0
   6
  10
  11
   9
   6
   2
  -1
  -1
   0
  -1
  -1
   2
   6
   9
  11
  10
   6
   0
  -9
 -18
 -29
 -39
 -44
 -44
 -34
 -17
   7
  31
  42
  37
  12
 -21
 -44
 -37
  -4
  33
  41
   9
 -34
 -40
   1
  30
  12
 -11
  -7
   0
   0
   1
   2
 -12
 -21
   9
  38
  17
 -29
 -44
 -14
  26
  43
  24
 -13
 -40
 -43
 -24
   5
  31
  42
  40
  27
   9
  -9
 -24
 -34
 -41
 -44
 -45
 -45
 -43
 -38
 -32
 -23
 -15
  -8
  -2
   0
  -2
  -8
 -15
 -23
 -32
 -38
 -43
 -45
 -45
 -44
 -41
 -34
 -24
  -9
   9
  27
  40
  42
  31
   5
 -24
 -43
 -40
 -13
  24
  43
  26
 -14
 -44
 -29
  17
  38
   9
 -21
 -12
   2
   1
   0
   0
   0
   0
   0
   0
   0
   0
   0
   0
   0
   0
   0
   0
   0
   0
   0
   0
   0
   0
   0
   0
   0
   0
   0
   0
   0
   0
   0
   0
   0
   0
   0
   0
   0
   0
   0
   0
   0
   0
   0
   0
   0
   0
   0
   0
   0
   0
   0
   0
   0
   0
   0
   0
   0
   0
   0
   0
   0
   0
   0
   0
   0
   0
   0
   0
   0
   0
   0
   0
   0
   0
  -7
 -11
  12
  30
   1
 -40
 -34
   9
  41
  33
  -4
 -37
 -44
 -21
  12
  37
  42
  31
   7
 -17
 -34
 -44
 -44
 -39
 -29
 -18
  -9
   0
   6
  10
  11
   9
   6
   2
  -1
  -1
   0
  -1
  -1
   2
   6
   9
  11
  10
   6
   0
  -9
 -18
 -29
 -39
 -44
 -44
 -34
 -17
   7
  31
  42
  37
  12
 -21
 -44
 -37
  -4
  33
  41
   9
 -34
 -40
   1
  30
  12
 -11
  -7
   0
   0
   1
   2
 -12
 -21
   9
  38
  17
 -29
 -44
 -14
  26
  43
  24
 -13
 -40
 -43
 -24
   5
  31
  42
  40
  27
   9
  -9
 -24
 -34
 -41
 -44
 -45
 -45
 -43
 -38
 -32
 -23
 -15
  -8
  -2
   0
  -2
  -8
 -15
 -23
 -32
 -38
 -43
 -45
 -45
 -44
 -41
 -34
 -24
  -9
   9
  27
  40
  42
  31
   5
 -24
 -43
 -40
 -13
  24
  43
  26
 -14
 -44
 -29
  17
  38
   9
 -21
 -12
   2
   1
   0
   0
   0
   0
   0
   0
   0
   0
   0
   0
   0
   0
  -7
 -11
  12
  30
   1
 -40
 -34
   9
  41
  33
  -4
 -37
 -44
 -21
  12
  37
  42
  31
   7
 -17
 -34
 -44
 -44
 -39
 -29
 -18
  -9
   0
   6
  10
  11
   9
   6
   2
  -1
  -1
   0
  -1
  -1
   2
   6
   9
  11
  10
   6
   0
  -9
 -18
 -29
 -39
 -44
 -44
 -34
 -17
   7
  31
  42
  37
  12
 -21
 -44
 -37
  -4
  33
  41
   9
 -34
 -40
   1
  30
  12
 -11
  -7
   0
   0
   1
   2
 -12
 -21
   9
  38
  17
 -29
 -44
 -14
  26
  43
  24
 -13
 -40
 -43
 -24
   5
  31
  42
  40
  27
   9
  -9
 -24
 -34
 -41
 -44
 -45
 -45
 -43
 -38
 -32
 -23
 -15
  -8
  -2
   0
  -2
  -8
 -15
 -23
 -32
 -38
 -43
 -45
 -45
 -44
 -41
 -34
 -24
  -9
   9
  27
  40
  42
  31
   5
 -24
 -43
 -40
 -13
  24
  43
  26
 -14
 -44
 -29
  17
  38
   9
 -21
 -12
   2
   1
   0
   0
   0
   0
   0
   0
   0
   0
   0
   0
   0
   0
   0
   0
   0
   0
   0
   0
   0
   0
   0
   0
   0
   0
   0
   0
   0
   0
   0
   0
   0
   0
   0
   0
   0
   0
   0
   0
   0
   0
   0
   0
   0
   0
   0
   0
   0
   0
   0
   0
   0
   0
   0
   0
   0
   0
   0
   0
   0
   0
   0
   0
   0
   0
   0
   0
   0
   0
   0
   0
   0
   0
   7
  11
 -12
 -30
  -1
  40
  34
  -9
 -41
 -33
   4
  37
  44
  21
 -12
 -37
 -42
 -31
  -7
  17
  34
  44
  44
  39
  29
  18
   9
   0
  -6
 -10
 -11
  -9
  -6
  -2
   1
   1
   0
  -1
  -1
   2
   6
   9
  11
  10
   6
   0
  -9
 -18
 -29
 -39
 -44
 -44
 -34
 -17
   7
  31
  42
  37
  12
 -21
 -44
 -37
  -4
  33
  41
   9
 -34
 -40
   1
  30
  12
 -11
  -7
   0
   0
   1
   2
 -12
 -21
   9
  38
  17
 -29
 -44
 -14
  26
  43
  24
 -13
 -40
 -43
 -24
   5
  31
  42
  40
  27
   9
  -9
 -24
 -34
 -41
 -44
 -45
 -45
 -43
 -38
 -32
 -23
 -15
  -8
  -2
   0
  -2
  -8
 -15
 -23
 -32
 -38
 -43
 -45
 -45
 -44
 -41
 -34
 -24
  -9
   9
  27
  40
  42
  31
   5
 -24
 -43
 -40
 -13
  24
  43
  26
 -14
 -44
 -29
  17
  38
   9
 -21
 -12
   2
   1
   0
   0
   0
   0
   0
   0
   0
   0
   0
   0
   0
   0
  -7
 -11
  12
  30
   1
 -40
 -34
   9
  41
  33
  -4
 -37
 -44
 -21
  12
  37
  42
  31
   7
 -17
 -34
 -44
 -44
 -39
 -29
 -18
  -9
   0
   6
  10
  11
   9
   6
   2
  -1
  -1
   0
  -1
  -1
   2
   6
   9
  11
  10
   6
   0
  -9
 -18
 -29
 -39
 -44
 -44
 -34
 -17
   7
  31
  42
  37
  12
 -21
 -44
 -37
  -4
  33
  41
   9
 -34
 -40
   1
  30
  12
 -11
  -7
   0
   0
  -1
  -2
  12
  21
  -9
 -38
 -17
  29
  44
  14
 -26
 -43
 -24
  13
  40
  43
  24
  -5
 -31
 -42
 -40
 -27
  -9
   9
  24
  34
  41
  44
  45
  45
  43
  38
  32
  23
  15
   8
   2
   0
   2
   8
  15
  23
  32
  38
  43
  45
  45
  44
  41
  34
  24
   9
  -9
 -27
 -40
 -42
 -31
  -5
  24
  43
  40
  13
 -24
 -43
 -26
  14
  44
  29
 -17
 -38
  -9
  21
  12
  -2
  -1
   0
   0
   0
   0
   0
   0
   0
   0
   0
   0
   0
   0
   0
   0
   0
   0
   0
   0
   0
   0
   0
   0
   0
   0
   0
   0
   0
   0
   0
   0
   0
   0
   0
   0
   0
   0
   0
   0
   0
   0
   0
   0
   0
   0
   0
   0
   0
   0
   0
   0
   0
   0
   0
   0
   0
   0
   0
   0
   0
   0
   0
   0
   0
   0
   0
   0
   0
   0
   0
   0
   0
   0
  -7
 -11
  12
  30
   1
 -40
 -34
   9
  41
  33
  -4
 -37
 -44
 -21
  12
  37
  42
  31
   7
 -17
 -34
 -44
 -44
 -39
 -29
 -18
  -9
   0
   6
  10
  11
   9
   6
   2
  -1
  -1
   0
   1
   1
  -2
  -6
  -9
 -11
 -10
  -6
   0
   9
  18
  29
  39
  44
  44
  34
  17
  -7
 -31
 -42
 -37
 -12
  21
  44
  37
   4
 -33
 -41
  -9
  34
  40
  -1
 -30
 -12
  11
   7
   0
   0
   1
   2
 -12
 -21
   9
  38
  17
 -29
 -44
 -14
  26
  43
  24
 -13
 -40
 -43
 -24
   5
  31
  42
  40
  27
   9
  -9
 -24
 -34
 -41
 -44
 -45
 -45
 -43
 -38
 -32
 -23
 -15
  -8
  -2
   0
   2
   8
  15
  23
  32
  38
  43
  45
  45
  44
  41
  34
  24
   9
  -9
 -27
 -40
 -42
 -31
  -5
  24
  43
  40
  13
 -24
 -43
 -26
  14
  44
  29
 -17
 -38
  -9
  21
  12
  -2
  -1
   0
   0
   0
   0
   0
   0
   0
   0
   0
   0
   0
   0
  -7
 -11
  12
  30
   1
 -40
 -34
   9
  41
  33
  -4
 -37
 -44
 -21
  12
  37
  42
  31
   7
 -17
 -34
 -44
 -44
 -39
 -29
 -18
  -9
   0
   6
  10
  11
   9
   6
   2
  -1
  -1
   0
   1
   1
  -2
  -6
  -9
 -11
 -10
  -6
   0
   9
  18
  29
  39
  44
  44
  34
  17
  -7
 -31
 -42
 -37
 -12
  21
  44
  37
   4
 -33
 -41
  -9
  34
  40
  -1
 -30
 -12
  11
   7
   0
   0
  -1
  -2
  12
  21
  -9
 -38
 -17
  29
  44
  14
 -26
 -43
 -24
  13
  40
  43
  24
  -5
 -31
 -42
 -40
 -27
  -9
   9
  24
  34
  41
  44
  45
  45
  43
  38
  32
  23
  15
   8
   2
   0
  -2
  -8
 -15
 -23
 -32
 -38
 -43
 -45
 -45
 -44
 -41
 -34
 -24
  -9
   9
  27
  40
  42
  31
   5
 -24
 -43
 -40
 -13
  24
  43
  26
 -14
 -44
 -29
  17
  38
   9
 -21
 -12
   2
   1
   0
   0
   0
   0
   0
   0
   0
   0
   0
   0
   0
   0
   0
   0
   0
   0
   0
   0
   0
   0
   0
   0
   0
   0
   0
   0
   0
   0
   0
   0
   0
   0
   0
   0
   0
   0
   0
   0
   0
   0
   0
   0
   0
   0
   0
   0
   0
   0
   0
   0
   0
   0
   0
   0
   0
   0
   0
   0
   0
   0
   0
   0
   0
   0
   0
   0
   0
   0
   0
   0
   0
   0
  -7
 -11
  12
  30
   1
 -40
 -34
   9
  41
  33
  -4
 -37
 -44
 -21
  12
  37
  42
  31
   7
 -17
 -34
 -44
 -44
 -39
 -29
 -18
  -9
   0
   6
  10
  11
   9
   6
   2
  -1
  -1
   0
   1
   1
  -2
  -6
  -9
 -11
 -10
  -6
   0
   9
  18
  29
  39
  44
  44
  34
  17
  -7
 -31
 -42
 -37
 -12
  21
  44
  37
   4
 -33
 -41
  -9
  34
  40
  -1
 -30
 -12
  11
   7
   0
   0
  -1
  -2
  12
  21
  -9
 -38
 -17
  29
  44
  14
 -26
 -43
 -24
  13
  40
  43
  24
  -5
 -31
 -42
 -40
 -27
  -9
   9
  24
  34
  41
  44
  45
  45
  43
  38
  32
  23
  15
   8
   2
   0
  -2
  -8
 -15
 -23
 -32
 -38
 -43
 -45
 -45
 -44
 -41
 -34
 -24
  -9
   9
  27
  40
  42
  31
   5
 -24
 -43
 -40
 -13
  24
  43
  26
 -14
 -44
 -29
  17
  38
   9
 -21
 -12
   2
   1
   0
   0
   0
   0
   0
   0
   0
   0
   0
   0
   0
   0
  -7
 -11
  12
  30
   1
 -40
 -34
   9
  41
  33
  -4
 -37
 -44
 -21
  12
  37
  42
  31
   7
 -17
 -34
 -44
 -44
 -39
 -29
 -18
  -9
   0
   6
  10
  11
   9
   6
   2
  -1
  -1
   0
   1
   1
  -2
  -6
  -9
 -11
 -10
  -6
   0
   9
  18
  29
  39
  44
  44
  34
  17
  -7
 -31
 -42
 -37
 -12
  21
  44
  37
   4
 -33
 -41
  -9
  34
  40
  -1
 -30
 -12
  11
   7
   0
   0
  -1
  -2
  12
  21
  -9
 -38
 -17
  29
  44
  14
 -26
 -43
 -24
  13
  40
  43
  24
  -5
 -31
 -42
 -40
 -27
  -9
   9
  24
  34
  41
  44
  45
  45
  43
  38
  32
  23
  15
   8
   2
   0
  -2
  -8
 -15
 -23
 -32
 -38
 -43
 -45
 -45
 -44
 -41
 -34
 -24
  -9
   9
  27
  40
  42
  31
   5
 -24
 -43
 -40
 -13
  24
  43
  26
 -14
 -44
 -29
  17
  38
   9
 -21
 -12
   2
   1
   0
   0
   0
   0
   0
   0
   0
   0
   0
   0
   0
   0
   0
   0
   0
   0
   0
   0
   0
   0
   0
   0
   0
   0
   0
   0
   0
   0
   0
   0
   0
   0
   0
   0
   0
   0
   0
   0
   0
   0
   0
   0
   0
   0
   0
   0
   0
   0
   0
   0
   0
   0
   0
   0
   0
   0
   0
   0
   0
   0
   0
   0
   0
   0
   0
   0
   0
   0
   0
   0
   0
   0
  -7
 -11
  12
  30
   1
 -40
 -34
   9
  41
  33
  -4
 -37
 -44
 -21
  12
  37
  42
  31
   7
 -17
 -34
 -44
 -44
 -39
 -29
 -18
  -9
   0
   6
  10
  11
   9
   6
   2
  -1
  -1
   0
   1
   1
  -2
  -6
  -9
 -11
 -10
  -6
   0
   9
  18
  29
  39
  44
  44
  34
  17
  -7
 -31
 -42
 -37
 -12
  21
  44
  37
   4
 -33
 -41
  -9
  34
  40
  -1
 -30
 -12
  11
   7
   0
   0
  -1
  -2
  12
  21
  -9
 -38
 -17
  29
  44
  14
 -26
 -43
 -24
  13
  40
  43
  24
  -5
 -31
 -42
 -40
 -27
  -9
   9
  24
  34
  41
  44
  45
  45
  43
  38
  32
  23
  15
   8
   2
   0
  -2
  -8
 -15
 -23
 -32
 -38
 -43
 -45
 -45
 -44
 -41
 -34
 -24
  -9
   9
  27
  40
  42
  31
   5
 -24
 -43
 -40
 -13
  24
  43
  26
 -14
 -44
 -29
  17
  38
   9
 -21
 -12
   2
   1
   0
   0
   0
   0
   0
   0
   0
   0
   0
   0
